37
35
37
251
1946
2269
920
366
1182
1378
63
3159
2915
2041
2081
1664
773
2096
2586
735
1245
2536
603
2523
2191
2853
2676
2775
1255
1166
1136
304
1868
137
2599
1231
1136
2861
1995
1473
2469
719
448
940
966
329
1375
1884
1348
119
1307
366
2667
1347
2097
283
459
2645
1160
3262
3323
1812
1934
2361
767
1716
2894
2377
3242
1969
178
3302
2992
1467
1559
75
3283
990
3140
1559
3041
31
1393
1562
2121
536
1213
1027
2003
645
2906
1867
2604
414
179
2398
1879
2177
2917
2257
2675
1951
755
1381
249
188
2682
1544
1253
1065
85
2281
1138
925
876
2244
1649
1426
2674
2916
1899
470
2766
2563
917
1087
474
1081
1747
796
29
2560
1622
1140
3250
1624
813
140
2235
1340
574
1633
2764
2579
2806
857
1152
3143
308
2011
2433
2079
1917
114
459
3265
590
1713
2324
685
1009
1114
2792
1643
365
859
1224
3112
2667
1064
853
2673
2753
1547
1814
319
2643
632
2781
2384
1692
611
3060
851
2114
3197
2623
500
1829
1506
432
1335
2469
2003
1395
1541
562
2963
604
2313
1648
2582
1480
63
417
2351
2484
1793
806
456
689
1631
3079
1113
2404
3324
2219
51
1350
87
1482
2244
169
422
1687
2661
470
2157
949
1452
1452
3272
643
2735
2085
92
187
447
2781
2130
192
3083
2989
880
1194
218
3259
3310
2440
1234
2679
2426
653
57
739
1550
